534.8936 628.6401 475.3904 601.0390
160.4862 240.6983 591.9450 795.7077
573.3208 752.6310 787.9520 962.3485
646.1491 719.9509 562.3485 601.0390
371.6000 650.2000 788.0000 1056.500
99.6548 262.8528 70.9405 229.0768
344.4147 467.3453 200.1524 385.6159
534.8936 628.6401 475.3904 527.3995
268.2059 358.8978 102.2309 229.0768
766.9330 898.7899 152.8108 376.1143
99.6548 262.8528 143.3291 229.0768
165.4976 293.8031 591.9450 795.7077
795.3237 957.1201 241.6826 376.1143
573.3208 672.9519 736.8607 797.9229
712.0454 888.0196 406.4536 601.0390
766.9330 898.7899 214.3601 376.1143
-106.1969 240.6983 591.9450 827.3568
409.1740 499.6548 29.5652 223.2212
712.0454 772.8646 562.3485 601.0390
4.5000 286.4000 764.2000 1111.5000
557.1201 668.2059 301.5241 399.6403
228.6401 496.7851 395.7077 771.8687
660.3000 918.5000 736.9000 1031.8000
766.9330 898.7899 214.3601 376.1143
380.6336 560.4862 787.9520 901.9457
344.4147 467.3453 102.2309 385.6159
660.3000 973.3000 660.9000 1046.4000
-39.1547 262.8528 143.3291 296.6363
380.6336 560.4862 719.6793 901.9457
398.1777 560.4862 787.9520 855.9482
557.1201 668.2059 127.3995 223.2212
4.4858  286.4144  764.1682 991.9450
116.2226 262.8528 160.4435 278.6347
573.3208 672.9519 736.8607 797.9229
165.4976 286.4144 764.1682 947.6741
-39.1547 240.6983 427.3568 543.3291
4.4858  286.4144  764.1682 991.9450
99.6548 262.8528 49.7737 229.0768
433.4260 554.5920 65.3916 223.2212
 660.3000 918.5000 736.9000 1031.8000
 433.4260 809.1740 -104.7372 223.2212
 4.4858 240.6983 711.5179 827.3568
 4.4858 240.6983 764.1682 827.3568
 433.4260 744.4147  -0.3597 223.2212
 372.8646 529.3604 455.9482 573.5966
 488.0196 498.8554 201.0390 399.6403
 272.9519 404.4858 711.5179 795.7077
 268.2059 360.8453 200.1524 385.6159
 660.3000 918.5000 695.9000 1031.8000
 433.4260 467.3453 93.7758 295.2628
 660.3109 771.5618 736.8607 962.3485
 4.4858  286.4144  764.1682 991.9450
 67.3453 262.8528 143.3291 229.0768
 99.6548 262.8528 8.7904 229.0768
 513.6809 628.6401 527.3467 601.0390
 433.4260 809.1740 -104.7372 223.2212
 660.3000 952.4000 695.9000 1046.4000
 4.4858 286.4144 764.1682 991.9450
 96.7851 240.6983 591.9450 795.7077
 344.4147 467.3453 200.1524 385.6159
 319.9509 496.7851 581.6818 771.8687
 4.4858 286.4144 764.1682 991.9450
 660.3109 885.1490 736.8607 962.3485
 372.8646 496.7851 581.6818 771.8687
 573.3208 672.9519 736.8607 797.9229
 552.3866 650.2235 787.9520 855.9482
 -159.3017 240.6983 427.3568 827.3568
 433.4260 809.1740 -104.7372 223.2212
 268.2059 360.8453 200.1524 385.6159
 196.0399 360.8453 395.7077 449.7737
 319.9509 498.8554 397.2484 465.3916
 573.3208 650.2235 787.9520 962.3485
 766.9330 809.1740 -23.8857 223.2212
 557.1201 596.0399 214.3601 399.6403
 -41.1022 262.8528 8.7904 278.6347
 766.9330 888.0196 214.3601 376.1143
 272.9519 293.8031 711.5179 795.7077
 766.9330 888.0196 214.3601 376.1143
 557.1201 744.4147 214.3601 295.2628
 433.4260 668.2059 65.3916 223.2212
 344.4147 467.3453 200.1524 385.6159
 4.4858 240.6983 764.1682 827.3568
 795.3000 1101.5000 241.7000 552.8000
 609.4980 672.9519 631.8499 701.5241
 4.4858 286.4144 764.1682 991.9450
 -39.1547 360.8453 143.3291 543.3291
 228.6401 496.7851 547.6741 771.8687
 660.3000 925.2000 736.9000 1046.4000
 196.0399 294.3582 200.1524 385.6159
 398.1777 496.7851 656.5376 771.8687
 795.3237 957.1201 241.6826 376.1143
 4.4858 286.4144 764.1682 991.9450
 344.4147 467.3453 200.1524 385.6159
 557.1201 668.2059 214.3601 399.6403
 573.3208 650.2235 787.9520 962.3485
 646.1491 719.9509 475.3904 527.3995
 154.5920 294.3582 173.5966 229.0768
 422.3859 809.1740 -157.8326 223.2212
 766.9330 833.4260 127.3995 295.2628
 795.3237 957.1201 241.6826 376.1143
 380.6000 650.2000 788.0000 1018.4000
 272.9519 404.4858 711.5179 795.7077
 398.1777 496.7851 656.5376 771.8687
 250.2235 404.4858 711.5179 947.6741
 196.0399 360.8453 395.7077 449.7737
 96.7851 240.6983 591.9450 795.7077
 129.3604 240.6983 427.3568 543.3291
 485.1490 560.4862 787.9520 855.9482
 -39.1547 240.6983 427.3568 543.3291
 660.3000 952.4000 695.9000 1046.4000
 0.7967 262.8528 -67.0130 229.0768
 4.5000 286.4000 764.2000 1111.5000
 701.5381 744.4147 214.3601 295.2628
 433.4260 809.1740 -104.7372 223.2212
 344.4147 467.3453 102.2309 385.6159
 -39.1547 240.6983 427.3568 543.3291
 4.4858 286.4144 764.1682 991.9450
 344.4147 467.3453 200.1524 385.6159
 660.3109 885.1490 736.8607 806.4536
 344.4147 467.3453 93.7758 385.6159
 -106.1969 240.6983 591.9450 827.3568
 766.9330 888.0196 214.3601 376.1143
 433.4260 744.4147  -0.3597 223.2212
 380.6336 560.4862 787.9520 901.9457
 509.3497 560.4862 656.5376 771.8687
 525.2000 650.2000 788.0000 1018.4000
 573.3000 752.6000 788.0000 1018.4000
 646.1491 719.9509 475.3904 601.0390
 4.4858 286.4144 764.1682 991.9450
 764.5791 888.0196 406.4536 500.4025
 4.4858 286.4144 764.1682 991.9450
 409.1740 499.6548 -14.3841 223.2212
 154.5920 262.8528 102.2309 229.0768
 165.4976 293.8031 711.5179 795.7077
 -39.1547 360.8453 143.3291 543.3291
 795.3237 934.8936 368.2586 500.4025
 509.3497 628.6401 527.3467 771.8687
 433.4260 744.4147  -0.3597 223.2212
 498.7899 529.3604 201.0390 399.6403
 154.5920 358.8978  29.5652 229.0768
 300.8986 496.7851 581.6818 771.8687
 795.3000 1009.5000 368.3000 552.8000
 433.4260 554.5920 65.3916 223.2212
 701.5381 888.0196 397.9229 500.4025
 609.4980 888.0196 406.4536 500.4025
 712.0454 798.1777 646.3887 701.5241
 154.5920 294.3582 173.5966 278.6347
 154.5920 358.8978 70.9405 229.0768
 646.1491 888.0196 406.4536 500.4025
 165.4976 240.6983 711.5179 795.7077
 712.0454 892.7667 406.4536 701.5241
 4.4858  286.4144  764.1682 991.9450
 795.3000 1101.5000 241.7 376.1000
 557.1201 744.4147 214.3601 295.2628
 116.2226 262.8528 143.3291 278.6347
 660.3109 885.1490 736.8607 962.3485
 712.0000 1009.5000 646.4000 730.2000
 552.3866 650.2235 787.9520 901.9457
 372.8646 496.7851 656.5376 771.8687
 398.1777 496.7851 656.5376 771.8687
 646.1491 888.0196 406.4536 500.4025
 228.6401 496.7851 395.7077 771.8687
 4.5000 286.4000 764.2000 1111.5000
 660.3000 973.3000 660.9000 1046.4000
 795.3000 1101.5000 241.7000 376.1000
 766.9330 822.3859 127.3995 242.1674
 795.3000 1046.1000 368.3000 552.8000
 398.1777 496.7851 527.3467 600.1524
 0.7967 262.8528 8.7904 229.0768
 380.6336 560.4862 787.9520 901.9457
 660.3109 771.5618 736.8607 962.3485
 646.1491 719.9509 475.3904 527.3995
 766.9330 957.1201 152.8108 376.1143
 660.3109 772.8646 695.9478 745.0393
 518.4595 672.9519 631.8499 797.2484
 228.6401 360.8453 395.7077 470.9405
 268.2059 358.8978 160.4435 229.0768
 660.3109 885.1490 736.8607 962.3485
 371.5618 404.4858 787.9520 927.3467
 0.7967 262.8528 8.7904 229.0768
 660.3000 918.5000 736.9000 1031.8000
 422.3859 809.1740 -157.8326 223.2212
 129.3604 360.8453 173.5966 502.2309
 0.7967 262.8528 -67.0130 229.0768
 557.1201 668.2059 214.3601 242.1674
 319.9509 496.7851 656.5376 771.8687
 319.9509 496.7851 656.5376 771.8687
 344.4147 467.3453 200.1524 385.6159
 498.7899 529.3604 201.0390 399.6403
 154.5920 358.8978 70.9405 229.0768
 433.4260 744.4147 -0.3597 223.2212
 -106.1969 240.6983  738.0216  827.3568
 129.3604 294.3582 173.5966 385.6159
 228.6401 496.7851 395.7077 560.4435
 660.3109 752.6310 787.9520 962.3485
 509.3497 628.6401 618.3702 771.8687
 646.1491 888.0196 406.4536 500.4025
 712.0454 885.1490 562.3485 701.5241
 712.0454 885.1490 646.3887 730.1615
 99.6548 262.8528 143.3291 278.6347
 573.3208 672.9519 736.8607 855.9482
 712.0454 888.0196 406.4536 527.3995
 646.1491 888.0196 406.4536 500.4025
 518.4595 672.9519 631.8499 797.2484
 -159.3017 240.6983 427.3568 827.3568
 154.5920 262.8528 173.5966 278.6347
 154.5920 358.8978 49.7737 229.0768
 609.4980 700.8986 562.3485 601.0390
 165.4976 240.6983 591.9450 795.7077
 -159.3017 240.6983 427.3568 827.3568
 795.3000 1009.5000 368.3000 552.8000
 129.3604 360.8453 395.7077 502.2309
 795.3000 1101.5000 241.7000 376.1000
 557.1201 719.9509 397.9229 500.4025
 165.4976 293.8031 711.5179 795.7077
 380.6000 650.2000 788.0000 1018.4000
 557.1201 744.4147 214.3601 295.2628
 165.4976 293.8031 711.5179 795.7077
 99.6548 262.8528 49.7737 229.0768
 433.4260 744.4147 -0.3597 223.2212
 196.0399 360.8453 395.7077 470.9405
 228.6401 496.7851 547.6741 573.5966
 795.3000 1101.5000 194.5000 376.1000
 268.2059 358.8978 102.2309 229.0768
 712.0000 1009.5000 646.4000 730.2000
 268.2059 467.3453 200.1524 429.5652
 -159.3017 240.6983 427.3568 827.3568
 300.8986 496.7851 581.6818 771.8687
 96.7851 240.6983 427.3568 795.7077
 795.3000 1009.5000 368.3000 552.8000
 398.1777 560.4862 719.6793 797.2484
 509.3497 560.4862 656.5376 771.8687
 196.0399 360.8453 200.1524 385.6159
 660.3000 918.5000 736.9000 1031.8000
 -106.1969 240.6983 591.9450 827.3568
 712.0454 892.7667 406.4536 614.3601
 422.3859 809.1740 -157.8326 223.2212
 660.3000 952.4000 695.9000 1046.4000
 433.4260 668.2059 65.3916 223.2212
 660.3000 918.5000 736.9000 1031.8000