604.64 497.80
209.51 647.44
647.28 855.47
693.42 587.79
461.42 1002.30
153.79 143.29
408.47 299.37
617.76 497.79
311.66 170.61
814.74 255.08
133.31 184.86
243.04 691.92
868.63 321.11
665.93 783.77
764.37 551.17
826.10 265.86
66.78 694.99
458.81 82.09
751.74 585.63
142.28 988.03
624.81 368.31
268.59 590.75
837.05 965.06
840.24 251.21
461.69 833.71
366.92 154.95
887.10 856.11
2.47 275.12
390.26 841.79
524.62 806.17
594.57 158.91
92.84 956.22
147.65 251.08
650.17 782.44
250.47 809.37
118.82 492.57
88.79 946.70
159.82 121.27
510.33 137.82
855.37 880.52
747.77 11.55
164.46 779.45
73.81 814.43
669.38 118.61
453.55 513.66
493.00 348.81
302.93 778.75
321.02 317.91
901.94 847.39
448.21 189.66
740.48 875.97
196.75 954.19
93.85 185.84
214.18 84.10
558.85 552.33
665.86 4.84
938.38 815.61
54.14 908.28
153.91 701.30
414.61 238.19
420.95 654.37
91.81 941.38
806.48 931.15
446.29 599.99
650.46 777.39
586.34 818.37
14.81 542.55
629.75 4.74
313.11 263.64
270.24 426.53
443.02 439.28
607.99 875.89
791.07 67.34
578.52 311.53
31.48 171.45
805.45 244.17
279.34 736.86
838.76 270.16
678.44 235.93
602.16 170.42
365.72 224.58
63.55 798.79
978.92 370.37
656.80 663.06
195.91 899.24
121.21 450.13
239.04 620.56
876.74 977.74
209.85 359.31
479.01 680.46
933.52 315.74
197.20 872.16
453.28 298.89
595.18 303.73
614.10 923.23
672.94 493.02
265.49 213.82
435.76 24.58
804.51 175.99
928.98 314.27
443.34 960.11
339.07 770.63
424.50 678.69
273.07 883.95
278.78 416.26
128.30 704.53
199.51 439.42
507.75 817.29
83.54 433.44
909.97 855.13
94.10 -6.60
185.74 956.69
718.25 234.70
684.18 34.17
365.09 186.15
94.22 482.25
32.19 908.29
391.79 268.00
798.19 789.98
441.41 154.37
95.90 705.70
801.21 255.83
667.98 82.54
467.54 852.64
543.81 707.74
556.14 975.92
605.68 902.38
665.00 547.23
178.10 911.50
831.69 479.25
206.01 886.93
422.56 41.08
209.74 139.90
251.98 742.45
8.99 431.75
880.04 408.66
526.80 604.89
478.71 53.48
522.17 373.00
347.71 62.31
318.86 680.77
903.09 466.78
502.27 96.58
753.17 406.47
665.25 437.58
776.92 678.83
259.13 225.64
264.50 106.42
715.66 468.69
192.75 723.95
783.74 564.15
178.66 886.96
954.06 253.61
700.03 233.02
169.19 241.30
787.25 833.31
937.44 681.96
594.86 885.54
399.84 713.85
463.27 679.64
723.08 473.72
249.94 569.35
24.66 995.98
951.52 963.37
1009.02 337.80
782.84 162.40
988.32 437.35
460.34 558.51
122.44 40.49
462.34 869.57
730.24 892.30
664.49 507.05
870.95 201.80
727.33 722.20
617.55 704.90
269.01 459.84
314.82 206.39
857.84 826.15
378.02 899.68
76.65 145.19
869.35 940.62
498.59 33.50
199.39 424.98
18.40 24.26
648.28 232.59
401.65 734.40
376.08 722.90
412.33 280.18
513.53 309.81
313.95 95.80
469.74 62.03
33.43 802.72
214.64 287.76
298.01 523.07
701.90 928.87
557.38 674.50
679.90 459.01
800.22 649.02
797.58 700.93
185.35 231.27
627.52 799.22
751.34 495.78
708.69 449.79
629.65 695.79
35.62 548.32
229.15 221.70
292.53 110.80
641.64 589.41
212.02 681.13
76.38 579.13
963.81 518.88
251.61 468.63
997.57 325.86
609.33 417.86
269.89 754.29
533.46 963.43
687.26 227.76
263.28 779.01
157.76 152.56
565.07 46.99
292.71 461.73
311.46 564.84
985.71 231.55
312.78 140.69
940.14 664.26
391.33 360.67
21.65 510.96
336.02 702.52
145.52 612.12
886.98 475.10
473.42 759.21
522.28 704.69
230.00 329.09
856.19 832.35
64.84 667.81
820.65 584.27
466.56 -14.30
885.66 836.42
528.13 130.02
872.53 834.76